       0  1  1 2000   1  0  52  27  31  37  44  49  52  51  45  33  19   2 -14 -26 -33 -34 -28 -17  -3  12  25  33  35  33  29  25  23  24  29  36  42  46  44  37  25   8  -9 -23 -32 -34 -29 -17  -1  15  28  36  37  32  23  15   8   6   9
    3600  1  1 2000   1  1  51  29  34  41  47  51  50  44  33  19   2 -14 -26 -33 -34 -28 -17  -3  12  24  32  35  32  28  23  21  22  27  34  41  45  44  37  25   9  -8 -23 -33 -35 -29 -18  -2  14  27  35  36  31  23  14   7   5   8
    7200  1  1 2000   1  2  50  38  45  50  53  53  46  34  19   3 -13 -26 -33 -34 -28 -17  -2  12  25  33  35  33  29  25  23  25  30  37  43  47  45  38  25   9  -8 -23 -32 -34 -29 -17  -1  15  28  36  37  32  24  15   9   7  10
   10800  1  1 2000   1  3 133  48  53  56  54  46  34  18   1 -15 -27 -34 -35 -29 -18  -4  11  23  31  34  32  28  24  22  25  30  37  42  45  43  35  22   6 -11 -25 -34 -36 -29 -17  -1  15  29  37  38  34  26  17  11   9  12  19  27  35  39  36  27  13  -4 -20 -32 -36 -33 -22  -6  11  26  36  39  36  27  16   7   3   5  12  23  35  43  46  42  31  14  -4 -20 -29 -31 -24 -11   6  23  35  40  39  31  20   9   3   2   9  20  34  46  53  53  44  28   9 -11 -25 -33 -31 -21  -5  13  28  37  39  35  25  14   6   3   7  17  32  46  57  61  56  42  23   2 -17 -29
   14400  1  1 2000   1  4 132  55  58  56  48  35  19   2 -14 -27 -34 -35 -29 -18  -4  11  23  31  34  32  28  24  23  25  31  38  44  47  44  36  23   6 -11 -25 -34 -35 -29 -17  -1  16  29  37  38  34  26  18  12  10  13  20  28  36  39  37  28  13  -4 -20 -31 -36 -33 -22  -6  12  27  37  40  36  27  17   8   4   5  13  24  35  44  47  42  31  14  -4 -19 -29 -31 -24 -10   7  23  35  41  39  31  21  10   3   3   9  20  34  46  53  53  44  28   9 -10 -25 -32 -30 -20  -4  13  28  38  40  35  26  15   6   3   7  18  32  47  57  61  56  42  23   2 -17 -29
   18000  1  1 2000   1  5 131  60  59  51  37  21   3 -14 -26 -34 -35 -29 -18  -3  11  24  32  34  33  29  25  24  27  32  40  46  49  46  38  24   7 -11 -25 -34 -35 -29 -16   0  17  30  38  39  35  27  19  13  11  14  21  30  37  41  38  28  14  -4 -20 -31 -36 -32 -21  -5  13  28  38  41  37  28  18   9   5   7  14  25  36  45  47  43  31  14  -4 -19 -29 -30 -23  -9   8  24  36  42  40  32  21  11   4   4  10  21  35  47  54  53  44  29   9 -10 -25 -32 -30 -19  -4  14  29  39  41  36  26  16   7   4   8  18  32  47  58  61  56  43  24   2 -16 -28
   21600  1  1 2000   1  6 130  58  50  37  20   3 -14 -27 -34 -35 -29 -18  -3  11  24  32  34  32  29  25  24  26  32  39  46  48  46  37  24   7 -11 -25 -34 -35 -29 -16   0  16  30  38  39  35  27  19  12  11  14  21  30  37  40  37  28  14  -4 -20 -31 -36 -32 -21  -5  12  28  38  41  37  28  18   9   5   6  14  25  36  45  47  43  31  14  -4 -19 -29 -30 -23 -10   7  24  36  42  40  32  21  11   4   4  10  21  35  47  54  53  44  29   9 -10 -25 -32 -30 -20  -4  14  29  38  40  36  26  15   7   4   8  18  32  47  58  61  56  43  23   2 -16 -28
   25200  1  1 2000   1  7 129  48  35  19   1 -15 -27 -34 -35 -29 -18  -4  11  23  31  34  32  28  25  24  26  32  39  45  47  45  36  22   6 -11 -26 -34 -35 -29 -16   0  16  29  37  39  34  27  18  12  10  13  20  29  36  39  37  27  13  -4 -20 -31 -36 -32 -21  -5  12  27  37  40  36  28  17   8   4   6  13  24  35  44  47  42  31  14  -4 -19 -29 -30 -23 -10   7  23  36  41  39  32  21  10   4   3   9  21  34  46  53  53  44  28   9 -10 -25 -32 -30 -20  -4  13  28  38  40  35  26  15   7   4   8  18  32  47  57  61  56  43  23   2 -16 -28
   28800  1  1 2000   1  8 128  36  20   2 -14 -27 -34 -35 -29 -18  -4  11  24  32  34  32  29  25  24  26  32  39  45  48  45  37  23   6 -11 -25 -34 -35 -29 -16   0  16  30  37  39  35  27  18  12  10  13  21  29  37  40  37  28  13  -4 -20 -31 -36 -32 -21  -5  12  27  37  40  37  28  17   9   4   6  13  24  36  44  47  42  31  14  -4 -19 -29 -30 -23 -10   7  24  36  41  40  32  21  11   4   3   9  21  34  47  54  53  44  29   9 -10 -25 -32 -30 -20  -4  14  29  38  40  35  26  15   7   4   8  18  32  47  57  61  56  43  23   2 -16 -28
   32400  1  1 2000   1  9  67  18   0 -16 -28 -35 -36 -30 -18  -3  11  24  32  35  33  30  26  25  27  33  40  46  49  46  37  23   6 -11 -25 -34 -35 -29 -17   0  16  29  37  38  33  26  17  12  11  14  22  31  39  42  40  31  17   0 -16 -28 -33 -29 -18  -3  15  30  39  42  38  30  20  11   8  10
   36000  1  1 2000   1 10  66   1 -15 -28 -35 -35 -29 -18  -3  12  24  33  35  34  30  26  25  27  33  40  46  49  46  37  24   7 -10 -25 -33 -35 -29 -16   0  16  29  37  38  34  26  18  12  11  14  22  31  39  43  40  31  17   0 -16 -28 -32 -29 -18  -3  15  30  39  42  39  30  20  12   8  10
   39600  1  1 2000   1 11  65 -13 -25 -32 -33 -28 -17  -3  12  24  33  35  34  30  27  25  28  33  41  47  49  47  38  25   8  -9 -23 -32 -34 -28 -16   0  16  29  37  38  34  26  18  13  11  15  23  32  40  44  41  33  18   2 -15 -26 -32 -28 -18  -2  15  30  40  43  39  31  21  12   9  11
   43200  1  1 2000   1 12  64 -28 -36 -37 -30 -19  -4  11  24  32  35  34  30  26  25  27  33  40  46  49  46  37  24   7 -11 -25 -34 -36 -30 -17  -1  16  29  37  38  34  26  17  12  11  14  22  31  39  43  40  31  17   0 -16 -28 -33 -30 -19  -3  15  30  39  42  39  30  20  11   8  10
   46800  1  1 2000   1 13  63 -41 -42 -36 -23  -7   9  23  32  35  33  29  25  24  26  32  39  45  48  45  36  22   5 -13 -28 -38 -40 -33 -20  -3  14  28  37  38  33  25  17  11   9  13  21  30  38  41  39  29  15  -3 -19 -31 -36 -32 -21  -4  14  29  39  42  38  29  19  10   6   8
   50400  1  1 2000   1 14  62 -46 -40 -27 -11   7  21  31  34  33  29  25  23  26  31  38  45  47  45  36  21   4 -14 -30 -41 -43 -37 -23  -5  13  27  36  38  33  25  16  10   9  12  20  29  37  40  37  28  13  -5 -21 -33 -38 -34 -23  -6  13  29  39  42  38  29  18   9   5   7
   54000  1  1 2000   1 15  61 -44 -31 -14   4  19  30  34  33  29  25  23  25  31  38  44  47  44  35  21   3 -16 -32 -43 -46 -40 -26  -8  11  26  35  37  33  25  16  10   8  11  19  28  36  39  37  27  12  -6 -23 -35 -40 -36 -25  -7  12  28  39  42  38  29  18   9   4   6
   57600  1  1 2000   1 16  60 -29 -12   6  21  31  35  33  29  25  23  25  31  38  44  47  45  35  21   3 -15 -31 -42 -44 -38 -24  -6  12  27  36  38  34  25  16  10   8  12  19  29  36  40  37  28  13  -5 -22 -34 -39 -35 -23  -6  13  29  39  42  38  29  18   9   5   6
   61200  1  1 2000   1 17  59  -8  10  25  34  37  34  30  25  23  26  31  39  45  48  45  36  22   4 -14 -30 -40 -43 -36 -22  -3  15  30  38  40  35  26  16  10   8  12  20  29  37  41  38  29  14  -4 -21 -33 -37 -33 -21  -4  15  31  41  43  39  29  18   9   5   7
   64800  1  1 2000   1 18  58  11  26  35  38  35  30  25  23  26  31  39  45  48  46  36  22   4 -14 -30 -40 -43 -36 -21  -3  16  31  39  40  35  26  16  10   8  12  20  29  37  41  38  29  14  -4 -20 -32 -37 -33 -21  -3  15  31  41  44  39  30  18   9   5   7
   68400  1  1 2000   1 19  57  23  32  35  33  28  24  23  25  31  39  45  48  45  36  21   4 -15 -30 -41 -43 -37 -23  -4  14  29  37  38  33  25  16  10   8  12  20  29  37  40  38  28  13  -5 -21 -33 -38 -34 -22  -5  14  30  40  42  38  29  18   9   5   7
   72000  1  1 2000   1 20  56  31  33  31  27  23  22  25  31  39  45  47  45  36  21   3 -15 -31 -41 -44 -37 -23  -5  14  28  36  37  32  24  15   9   8  12  20  29  37  40  37  28  13  -5 -22 -34 -38 -34 -22  -5  13  29  39  41  37  28  18   9   5   7
   75600  1  1 2000   1 21  55  32  30  26  23  22  25  31  38  45  47  45  35  21   3 -15 -31 -41 -44 -37 -23  -5  13  27  35  36  32  23  15   9   8  12  20  29  37  40  37  28  13  -5 -22 -34 -38 -35 -23  -6  13  28  38  41  37  28  17   9   5   7
   79200  1  1 2000   1 22  54  28  24  21  20  24  30  38  45  47  45  35  21   3 -15 -31 -41 -44 -37 -23  -5  13  27  34  35  30  22  13   8   7  11  20  29  37  40  37  27  12  -6 -22 -34 -39 -35 -23  -6  12  28  37  40  36  27  16   8   4   7
   82800  1  1 2000   1 23  53  24  20  20  23  30  38  44  47  45  35  20   3 -16 -31 -42 -44 -38 -24  -5  13  26  34  35  30  21  13   7   7  11  19  29  37  40  37  27  12  -6 -22 -34 -39 -35 -23  -6  12  27  37  40  36  27  16   8   4   7
   86400  2  1 2000   2  0  52  19  19  22  29  37  44  47  44  35  20   3 -16 -31 -42 -44 -38 -24  -5  12  26  34  34  29  21  12   7   6  10  19  29  37  40  37  27  12  -6 -23 -35 -39 -35 -24  -7  12  27  37  39  35  26  15   7   4   6
   90000  2  1 2000   2  1  51  16  19  26  35  42  46  44  35  20   2 -16 -32 -42 -45 -38 -24  -6  12  26  33  34  28  19  10   4   4   8  17  28  36  40  37  27  12  -6 -23 -35 -40 -36 -24  -7  11  26  36  38  34  25  14   5   2   5
   93600  2  1 2000   2  2  50  21  28  37  44  47  45  35  20   3 -16 -32 -42 -44 -38 -24  -5  12  26  34  34  29  20  11   6   5  10  19  29  37  40  37  27  12  -6 -23 -35 -40 -36 -24  -7  11  27  36  39  34  25  15   7   3   6
   97200  2  1 2000   2  3 133  28  37  44  48  45  35  21   2 -16 -32 -43 -45 -39 -25  -7  12  26  34  35  30  21  13   7   6  10  19  28  36  39  36  25  10  -8 -25 -37 -41 -37 -25  -7  11  27  37  40  36  27  16   8   4   6  13  24  35  43  45  39  26   9 -10 -25 -34 -35 -27 -13   5  22  34  40  38  30  19   9   2   2   8  20  33  44  50  49  39  23   3 -16 -30 -36 -34 -23  -7  11  26  36  38  33  24  13   5   2   6  16  30  44  54  57  51  37  18  -3 -22 -33 -36 -30 -15   2  20  34  40  39  32  22  12   7   7  15  27  41  53  59  57  46  28   6 -15 -31
  100800  2  1 2000   2  4 132  38  45  49  46  36  21   3 -16 -32 -43 -45 -39 -25  -6  12  26  34  35  30  22  13   7   6  11  19  29  37  40  36  26  10  -8 -25 -37 -41 -37 -25  -7  11  27  38  40  36  27  17   8   4   6  14  25  36  43  45  39  26   9 -10 -25 -34 -35 -27 -13   5  22  35  40  38  30  19   9   3   3   9  20  33  44  50  49  39  23   3 -16 -30 -36 -34 -23  -6  11  27  36  38  34  24  13   5   2   6  16  30  44  54  57  51  38  18  -3 -21 -33 -36 -29 -15   3  20  34  40  39  32  22  13   7   7  15  27  41  53  59  57  47  29   7 -15 -31
  104400  2  1 2000   2  5 131  45  48  46  36  21   3 -16 -32 -43 -45 -39 -25  -6  12  26  34  35  30  22  13   7   6  11  19  29  37  40  36  26  10  -8 -25 -37 -41 -37 -25  -7  11  27  38  40  36  27  17   8   4   6  14  25  36  43  45  39  26   9 -10 -25 -34 -35 -27 -13   5  22  35  40  38  30  19   9   3   3   9  20  33  44  50  49  39  23   3 -16 -30 -36 -34 -23  -6  11  27  36  38  34  24  13   5   2   6  16  30  44  54  57  51  38  18  -3 -21 -33 -36 -29 -15   3  20  34  40  39  32  22  13   7   7  15  27  41  53  59  57  47  29   7 -15 -31
  108000  2  1 2000   2  6 130  47  44  34  19   1 -17 -33 -43 -45 -39 -25  -7  11  25  33  34  30  21  12   7   6  10  19  28  35  38  35  25   9  -9 -25 -37 -41 -37 -25  -8  11  27  37  40  36  27  16   7   3   5  13  24  35  42  44  38  26   9 -10 -25 -34 -35 -27 -13   5  22  34  40  38  30  19   9   2   2   8  19  32  44  50  49  39  23   3 -16 -30 -36 -34 -23  -7  11  26  36  38  33  23  13   5   2   6  16  30  44  54  57  51  37  18  -3 -22 -33 -36 -30 -16   2  20  33  40  39  32  22  12   6   7  14  27  41  53  59  57  46  28   6 -15 -32
  111600  2  1 2000   2  7 129  39  29  14  -3 -20 -34 -44 -46 -40 -25  -7  11  25  33  33  29  20  12   6   5   9  17  26  32  34  31  21   6 -11 -27 -38 -41 -37 -25  -8  10  26  36  39  35  26  15   6   2   3  11  21  32  40  41  36  24   7 -10 -25 -34 -35 -28 -14   4  20  33  38  36  28  17   7   0   0   6  17  30  42  48  47  38  22   3 -16 -30 -37 -34 -24  -8   9  24  34  36  31  22  11   3   0   4  14  28  42  53  56  50  37  18  -4 -22 -34 -37 -31 -17   1  18  32  38  38  31  20  11   5   6  13  26  40  52  58  57  46  28   6 -16 -32
  115200  2  1 2000   2  8 128  28  13  -4 -21 -35 -44 -46 -40 -25  -7  11  24  32  33  29  20  12   6   5   9  17  25  32  34  30  20   6 -11 -27 -38 -42 -37 -25  -8  10  26  36  39  34  25  15   6   2   3  10  21  32  39  41  36  24   7 -10 -25 -34 -35 -28 -14   4  20  32  38  36  28  17   7   0   0   6  17  30  41  48  47  38  22   3 -16 -30 -37 -35 -24  -8   9  24  34  36  31  22  11   3   0   4  14  28  42  52  56  50  37  17  -4 -22 -34 -37 -31 -17   0  18  31  38  37  30  20  11   5   6  13  25  40  52  58  56  46  28   6 -16 -33
  118800  2  1 2000   2  9  67  12  -5 -22 -37 -46 -48 -41 -26  -8  10  23  31  32  27  19  11   5   4   8  16  25  31  33  29  19   4 -13 -28 -39 -43 -39 -27 -10   8  24  34  36  32  23  13   4   0   2   9  20  30  38  40  34  22   5 -12 -27 -36 -37 -29 -15   2  19  31  37  35  27  16   6  -1  -1
  122400  2  1 2000   2 10  66  -4 -21 -35 -45 -47 -40 -26  -8  10  24  31  32  28  20  11   5   4   8  16  25  31  33  30  20   5 -12 -27 -38 -42 -38 -27 -10   8  24  34  37  33  24  13   4   0   2  10  20  31  39  40  35  23   6 -11 -26 -35 -36 -29 -15   2  19  31  37  35  28  17   6   0  -1
  126000  2  1 2000   2 11  65 -21 -35 -45 -47 -40 -26  -8  10  24  31  32  28  20  11   5   4   8  16  25  31  33  29  20   5 -12 -27 -39 -43 -38 -27 -10   8  24  34  36  32  24  13   4   0   2   9  20  31  38  40  35  23   6 -12 -27 -36 -36 -29 -15   2  19  31  37  35  28  17   6   0  -1
  129600  2  1 2000   2 12  64 -34 -43 -45 -39 -25  -8  10  24  32  32  28  20  11   5   5   9  16  25  32  34  30  20   6 -11 -26 -37 -41 -37 -26  -9   8  24  34  37  33  24  13   5   1   2  10  20  31  39  41  35  23   7 -11 -26 -35 -36 -29 -15   2  19  31  37  35  28  17   7   0   0
  133200  2  1 2000   2 13  63 -43 -46 -39 -25  -8  10  24  32  32  28  20  11   5   4   9  16  25  32  34  30  20   6 -11 -26 -37 -42 -38 -26 -10   8  24  34  37  33  24  13   5   1   2  10  20  31  39  41  35  23   7 -11 -26 -35 -36 -29 -15   2  19  31  37  35  28  17   7   0   0
  136800  2  1 2000   2 14  62 -49 -43 -29 -11   8  22  31  32  28  19  11   5   4   8  16  24  31  33  29  19   4 -12 -28 -40 -44 -40 -29 -12   7  23  33  36  33  24  13   4   0   2   9  20  30  38  40  34  22   5 -13 -28 -37 -38 -30 -16   2  19  31  37  35  28  17   6  -1  -1
  140400  2  1 2000   2 15  61 -42 -27  -9   9  23  31  32  28  20  11   5   4   8  16  25  31  33  29  20   5 -12 -28 -39 -43 -39 -27 -10   8  24  34  37  33  24  13   4   0   2   9  20  31  38  40  35  22   6 -12 -27 -36 -37 -30 -15   2  19  31  37  35  28  17   6  -1  -1
  144000  2  1 2000   2 16  60 -27  -8  10  24  32  33  28  20  11   5   4   8  16  25  31  33  30  20   5 -12 -27 -39 -43 -39 -27 -10   8  24  34  37  33  24  13   4   0   2   9  20  31  39  40  35  23   6 -12 -27 -36 -37 -29 -15   2  19  32  37  35  28  17   6   0  -1
  147600  2  1 2000   2 17  59  -6  12  26  34  34  29  20  11   5   4   8  16  25  32  34  30  20   5 -11 -27 -38 -42 -38 -25  -8  10  26  35  38  33  24  13   4   0   2  10  21  32  39  41  35  23   7 -11 -26 -35 -36 -28 -14   4  20  32  38  36  28  17   6   0  -1
  151200  2  1 2000   2 18  58  11  25  32  33  28  20  11   5   4   8  16  25  32  34  30  20   5 -12 -27 -38 -43 -38 -26  -9   9  24  34  37  33  24  13   4   0   2  10  20  31  39  41  35  23   6 -11 -26 -35 -36 -29 -14   3  19  32  37  35  28  17   6   0  -1
  154800  2  1 2000   2 19  57  22  30  31  26  18  10   5   4   8  16  25  31  33  29  19   5 -12 -27 -39 -43 -39 -27 -10   8  23  32  35  31  23  12   4   0   2  10  20  31  38  40  34  22   6 -12 -27 -36 -37 -30 -16   2  18  30  36  35  27  16   6   0  -1
  158400  2  1 2000   2 20  56  29  30  26  18  10   4   4   8  16  25  31  33  29  19   4 -12 -27 -39 -43 -39 -27 -10   7  22  32  35  31  22  12   4   0   2  10  20  31  38  40  34  22   6 -12 -27 -36 -37 -30 -16   1  18  30  36  34  27  16   6   0  -1
  162000  2  1 2000   2 21  55  32  28  20  12   6   5   9  16  25  31  33  30  20   5 -12 -27 -38 -43 -39 -27 -10   8  23  33  37  33  24  14   5   1   2  10  20  31  38  40  35  23   6 -11 -27 -36 -37 -29 -15   2  19  31  37  36  28  17   7   0  -1
  165600  2  1 2000   2 22  54  26  18  10   4   4   8  16  25  31  33  29  19   5 -12 -27 -39 -43 -39 -27 -10   8  23  33  35  31  23  12   4   0   2   9  20  31  38  40  35  22   6 -12 -27 -36 -37 -30 -16   2  18  30  36  35  27  16   6  -1  -1
  169200  2  1 2000   2 23  53  15   7   1   1   6  15  24  31  33  29  19   4 -12 -28 -39 -44 -39 -27 -10   7  22  32  34  30  20  10   2  -2   1   9  20  31  38  40  34  22   5 -13 -28 -37 -38 -30 -16   1  17  29  35  33  25  15   5  -2  -2
  172800  3  1 2000   3  0  52   6   1   1   6  15  24  31  33  29  19   4 -12 -28 -39 -44 -39 -27 -10   7  22  31  34  29  20  10   1  -2   1   9  20  31  38  40  34  22   5 -13 -28 -37 -38 -30 -16   1  17  29  35  33  25  14   4  -2  -2
  176400  3  1 2000   3  1  51  -2  -3   3  12  22  30  32  29  19   4 -13 -28 -40 -44 -40 -28 -11   7  21  31  33  28  19   8  -1  -5  -2   7  18  30  38  40  34  22   5 -13 -28 -38 -39 -31 -17   0  16  28  33  31  23  13   3  -3  -3
  180000  3  1 2000   3  2  50  -2   3  13  22  30  33  29  19   4 -13 -28 -40 -44 -40 -28 -11   7  21  31  33  28  19   8  -1  -4  -1   7  19  30  38  40  34  22   5 -13 -28 -38 -39 -31 -17   0  16  28  34  32  24  13   3  -3  -3
  183600  3  1 2000   3  3 133   5  14  24  31  34  30  20   5 -12 -28 -39 -43 -39 -27 -10   7  22  32  34  29  20   9   0  -3   0   9  20  32  39  41  35  23   6 -12 -27 -36 -37 -29 -15   2  18  30  36  34  26  15   5  -1  -1   6  17  31  42  48  47  37  21   1 -18 -33 -39 -37 -27 -11   6  21  30  32  27  17   7  -1  -3   1  11  25  39  49  52  46  32  12 -10 -28 -40 -44 -37 -23  -6  12  25  32  32  25  15   6   0   1   8  21  35  47  53  51  39  21  -1 -23 -40 -49 -47 -37 -20  -1  16  28  31  28  19   9   1  -2   1  11  24  37  46  48  41  26   6 -16 -35
  187200  3  1 2000   3  4 132  13  23  30  33  29  19   5 -12 -28 -39 -44 -39 -27 -10   7  22  31  34  29  19   9   0  -3  -1   8  19  31  39  41  35  23   6 -12 -27 -36 -37 -30 -16   2  18  30  35  33  25  15   4  -2  -1   5  17  30  42  48  47  37  21   1 -18 -33 -40 -38 -27 -12   5  20  29  31  26  17   6  -1  -4   0  11  25  39  49  51  46  32  12 -10 -28 -41 -44 -38 -24  -6  12  25  32  31  25  15   5   0   1   8  20  34  47  53  50  39  21  -2 -24 -40 -49 -48 -37 -20  -1  16  27  31  28  19   9   1  -2   1  10  23  37  46  48  41  26   6 -17 -36
  190800  3  1 2000   3  5 131  27  35  37  33  22   6 -11 -27 -39 -43 -39 -27 -10   8  23  32  34  29  20   9   1  -2   1  10  22  34  42  43  37  24   6 -12 -27 -36 -37 -29 -15   2  19  31  36  34  27  16   6   0   0   7  19  32  44  50  48  38  21   1 -18 -33 -39 -37 -26 -11   7  21  31  32  28  18   8   0  -2   2  12  26  40  49  52  46  32  12  -9 -28 -40 -43 -36 -23  -5  13  26  33  33  26  16   6   1   2   9  21  35  47  53  51  40  21  -1 -23 -40 -48 -46 -36 -19   0  17  28  32  29  20  10   2  -1   2  11  24  37  46  48  42  27   6 -16 -35
  194400  3  1 2000   3  6 130  36  38  34  23   7 -11 -27 -39 -43 -39 -27  -9   8  23  32  35  30  20  10   1  -2   2  11  23  35  43  44  38  24   7 -12 -27 -36 -37 -29 -15   3  19  31  37  35  27  16   6   1   1   8  20  33  45  50  48  38  21   1 -18 -32 -39 -37 -26 -10   7  22  31  33  28  19   8   1  -2   3  13  27  40  50  52  46  32  12  -9 -28 -40 -43 -36 -22  -4  13  27  34  33  26  16   7   1   2   9  22  36  47  53  51  40  21  -1 -23 -39 -48 -46 -35 -18   1  18  29  33  29  21  10   2  -1   2  11  24  37  46  48  42  27   7 -15 -35
  198000  3  1 2000   3  7 129  36  31  20   5 -12 -28 -39 -43 -39 -27 -10   8  22  32  34  29  20   9   1  -2   1  10  22  33  41  42  35  23   5 -12 -27 -36 -37 -29 -15   2  19  31  36  34  26  16   6   0   0   7  18  32  43  49  47  37  21   1 -18 -33 -39 -37 -27 -11   6  21  30  32  27  18   7   0  -3   1  12  25  39  49  52  46  31  12  -9 -28 -40 -43 -37 -23  -5  12  26  33  32  25  15   6   1   1   9  21  35  47  53  51  39  21  -1 -23 -40 -48 -47 -36 -19   0  17  28  32  28  20  10   1  -2   2  11  24  37  46  48  41  27   6 -16 -35
  201600  3  1 2000   3  8 128  32  21   5 -12 -28 -39 -43 -39 -27 -10   8  22  32  34  29  20   9   1  -2   1  10  22  34  41  42  36  23   6 -12 -27 -36 -37 -29 -15   2  19  31  36  34  26  16   6   0   0   7  19  32  43  49  47  37  21   1 -18 -32 -39 -37 -26 -11   7  21  30  32  27  18   8   0  -3   2  12  26  39  49  52  46  32  12  -9 -28 -40 -43 -37 -23  -5  13  26  33  32  26  16   6   1   1   9  21  35  47  53  51  40  21  -1 -23 -40 -48 -47 -36 -19   0  17  28  32  28  20  10   2  -2   2  11  24  37  46  48  42  27   6 -16 -35
  205200  3  1 2000   3  9  67  21   6 -12 -28 -39 -43 -39 -27  -9   8  23  33  35  31  21  11   2  -1   2  11  23  35  42  44  37  25   7 -11 -26 -35 -36 -28 -14   4  20  32  37  35  27  16   6   0   0   7  19  32  43  49  47  37  21   1 -18 -32 -39 -37 -26 -10   7  22  31  33  28  18   8   0  -3
