       0  0     1 01/01/2000
   86400  0     2 02/01/2000
  172800  0     3 03/01/2000
  259200  0     4 04/01/2000
  345600  0     5 05/01/2000
  432000  0     6 06/01/2000
  518400  0     7 07/01/2000
  604800  0     8 08/01/2000
  691200  0     9 09/01/2000
  777600  0    10 10/01/2000
  864000  0    11 11/01/2000
  950400  0    12 12/01/2000
 1036800  0    13 13/01/2000
 1123200  0    14 14/01/2000
 1209600  0    15 15/01/2000
 1296000  0    16 16/01/2000
 1382400  0    17 17/01/2000
 1468800  0    18 18/01/2000
 1555200  0    19 19/01/2000
 1641600  0    20 20/01/2000
 1728000  0    21 21/01/2000
 1814400  0    22 22/01/2000
 1900800  0    23 23/01/2000
 1987200  0    24 24/01/2000
 2073600  0    25 25/01/2000
 2160000  0    26 26/01/2000
 2246400  0    27 27/01/2000
 2332800  0    28 28/01/2000
 2419200  0    29 29/01/2000
 2505600  0    30 30/01/2000
 2592000  0    31 31/01/2000
 2678400  0    32 01/02/2000
 2764800  0    33 02/02/2000
 2851200  0.5  34 03/02/2000
 2937600  0.4  35 04/02/2000
 3024000  0    36 05/02/2000
 3110400  0.2  37 06/02/2000
 3196800  0    38 07/02/2000
 3283200  0    39 08/02/2000
 3369600  1    40 09/02/2000
 3456000  0    41 10/02/2000
 3542400  0    42 11/02/2000
 3628800  0    43 12/02/2000
 3715200  0    44 13/02/2000
 3801600  0    45 14/02/2000
 3888000  0    46 15/02/2000
 3974400  2.8  47 16/02/2000
 4060800  0.2  48 17/02/2000
 4147200  0    49 18/02/2000
 4233600  0    50 19/02/2000
 4320000  0    51 20/02/2000
 4406400  4.5  52 21/02/2000
 4492800  0    53 22/02/2000
 4579200  0    54 23/02/2000
 4665600  0    55 24/02/2000
 4752000  0    56 25/02/2000
 4838400  0    57 26/02/2000
 4924800  0    58 27/02/2000
 5011200  0    59 28/02/2000
 5097600  0    60 29/02/2000
 5184000 13.1  61 01/03/2000
 5270400  1.5  62 02/03/2000
 5356800  0    63 03/03/2000
 5443200  0    64 04/03/2000
 5529600  0    65 05/03/2000
 5616000  0    66 06/03/2000
 5702400  0    67 07/03/2000
 5788800  0    68 08/03/2000
 5875200  0    69 09/03/2000
 5961600  0    70 10/03/2000
 6048000  0    71 11/03/2000
 6134400  0    72 12/03/2000
 6220800  0    73 13/03/2000
 6307200  0    74 14/03/2000
 6393600  0    75 15/03/2000
 6480000  0    76 16/03/2000
 6566400  0    77 17/03/2000
 6652800  0    78 18/03/2000
 6739200  0    79 19/03/2000
 6825600  0    80 20/03/2000
 6912000  0    81 21/03/2000
 6998400  0    82 22/03/2000
 7084800  0    83 23/03/2000
 7171200  0    84 24/03/2000
 7257600  0    85 25/03/2000
 7344000  7.1  86 26/03/2000
 7430400  5.9  87 27/03/2000
 7516800  3.6  88 28/03/2000
 7603200  8.6  89 29/03/2000
 7689600  0    90 30/03/2000
 7776000  0    91 31/03/2000
 7862400 11.7  92 01/04/2000
 7948800  0    93 02/04/2000
 8035200 12.7  94 03/04/2000
 8121600  9.3  95 04/04/2000
 8208000  0    96 05/04/2000
 8294400  0    97 06/04/2000
 8380800  2    98 07/04/2000
 8467200  0    99 08/04/2000
 8553600  0   100 09/04/2000
 8640000  1.9 101 10/04/2000
 8726400  0.8 102 11/04/2000
 8812800  1.1 103 12/04/2000
 8899200  0   104 13/04/2000
 8985600  0   105 14/04/2000
 9072000  6   106 15/04/2000
 9158400  0.2 107 16/04/2000
 9244800  0.4 108 17/04/2000
 9331200  0   109 18/04/2000
 9417600  0   110 19/04/2000
 9504000  0   111 20/04/2000
 9590400  0   112 21/04/2000
 9676800  0   113 22/04/2000
 9763200  0   114 23/04/2000
 9849600  0.4 115 24/04/2000
 9936000  0   116 25/04/2000
10022400  0   117 26/04/2000
10108800  0   118 27/04/2000
10195200  0   119 28/04/2000
10281600  0   120 29/04/2000
10368000  0   121 30/04/2000
10454400  0   122 01/05/2000
10540800  0   123 02/05/2000
10627200  0.4 124 03/05/2000
10713600  0   125 04/05/2000
10800000  0   126 05/05/2000
10886400  0   127 06/05/2000
10972800  8.1 128 07/05/2000
11059200 47.7 129 08/05/2000
11145600  0   130 09/05/2000
11232000  0   131 10/05/2000
11318400  0   132 11/05/2000
11404800  0   133 12/05/2000
11491200  2.7 134 13/05/2000
11577600  0   135 14/05/2000
11664000  0   136 15/05/2000
11750400  0   137 16/05/2000
11836800  0   138 17/05/2000
11923200  0   139 18/05/2000
12009600  0   140 19/05/2000
12096000  0   141 20/05/2000
12182400  0   142 21/05/2000
12268800 34   143 22/05/2000
12355200  5   144 23/05/2000
12441600  0   145 24/05/2000
12528000  0   146 25/05/2000
12614400  0   147 26/05/2000
12700800  0   148 27/05/2000
12787200  0   149 28/05/2000
12873600  0   150 29/05/2000
12960000  0   151 30/05/2000
13046400  0   152 31/05/2000
13132800  0   153 01/06/2000
13219200  0   154 02/06/2000
13305600  0   155 03/06/2000
13392000  0   156 04/06/2000
13478400  0   157 05/06/2000
13564800  0   158 06/06/2000
13651200  0   159 07/06/2000
13737600  0   160 08/06/2000
13824000  0   161 09/06/2000
13910400  0   162 10/06/2000
13996800  0.4 163 11/06/2000
14083200  1.3 164 12/06/2000
14169600  5   165 13/06/2000
14256000  0   166 14/06/2000
14342400  0.5 167 15/06/2000
14428800  0.6 168 16/06/2000
14515200 22.2 169 17/06/2000
14601600  0   170 18/06/2000
14688000  0   171 19/06/2000
14774400  0   172 20/06/2000
14860800  0   173 21/06/2000
14947200  0   174 22/06/2000
15033600  0   175 23/06/2000
15120000  0   176 24/06/2000
15206400  0   177 25/06/2000
15292800  0   178 26/06/2000
15379200  0   179 27/06/2000
15465600  0.4 180 28/06/2000
15552000  0   181 29/06/2000
15638400  0   182 30/06/2000
15724800  0   183 01/07/2000
15811200  0   184 02/07/2000
15897600  0   185 03/07/2000
15984000  0   186 04/07/2000
16070400  0   187 05/07/2000
16156800  0   188 06/07/2000
16243200  0   189 07/07/2000
16329600  0   190 08/07/2000
16416000  6.6 191 09/07/2000
16502400  0   192 10/07/2000
16588800  5.3 193 11/07/2000
16675200  0   194 12/07/2000
16761600  0.2 195 13/07/2000
16848000  0.3 196 14/07/2000
16934400  6.6 197 15/07/2000
17020800  0.2 198 16/07/2000
17107200  0   199 17/07/2000
17193600  0   200 18/07/2000
17280000  0   201 19/07/2000
17366400  1.2 202 20/07/2000
17452800  0   203 21/07/2000
17539200  0   204 22/07/2000
17625600  0   205 23/07/2000
17712000  1   206 24/07/2000
17798400  0   207 25/07/2000
17884800  0   208 26/07/2000
17971200  0   209 27/07/2000
18057600  5   210 28/07/2000
18144000  0.5 211 29/07/2000
18230400  0   212 30/07/2000
18316800  0   213 31/07/2000
18403200  0   214 01/08/2000
18489600  0   215 02/08/2000
18576000  0   216 03/08/2000
18662400  5.9 217 04/08/2000
18748800 16.3 218 05/08/2000
18835200  0.8 219 06/08/2000
18921600  0   220 07/08/2000
19008000  0   221 08/08/2000
19094400  1.7 222 09/08/2000
19180800  0   223 10/08/2000
19267200  0   224 11/08/2000
19353600  0   225 12/08/2000
19440000  0   226 13/08/2000
19526400  0   227 14/08/2000
19612800  0   228 15/08/2000
19699200  0   229 16/08/2000
19785600  0   230 17/08/2000
19872000  0   231 18/08/2000
19958400  0   232 19/08/2000
20044800  0   233 20/08/2000
20131200  0   234 21/08/2000
20217600  0   235 22/08/2000
20304000  0   236 23/08/2000
20390400  0   237 24/08/2000
20476800  0   238 25/08/2000
20563200  0   239 26/08/2000
20649600  0   240 27/08/2000
20736000  3   241 28/08/2000
20822400  0   242 29/08/2000
20908800  0   243 30/08/2000
20995200 10.2 244 31/08/2000
21081600  0   245 01/09/2000
21168000  0   246 02/09/2000
21254400  0   247 03/09/2000
21340800  5.9 248 04/09/2000
21427200  0   249 05/09/2000
21513600  0   250 06/09/2000
21600000 14   251 07/09/2000
21686400  0   252 08/09/2000
21772800  0   253 09/09/2000
21859200  0   254 10/09/2000
21945600  0   255 11/09/2000
22032000  0   256 12/09/2000
22118400  0   257 13/09/2000
22204800  0   258 14/09/2000
22291200  0   259 15/09/2000
22377600  0   260 16/09/2000
22464000  3   261 17/09/2000
22550400  0   262 18/09/2000
22636800 18   263 19/09/2000
22723200  0.2 264 20/09/2000
22809600  4   265 21/09/2000
22896000  0   266 22/09/2000
22982400  0.6 267 23/09/2000
23068800  0   268 24/09/2000
23155200  0   269 25/09/2000
23241600  0   270 26/09/2000
23328000  0   271 27/09/2000
23414400  0   272 28/09/2000
23500800  0.8 273 29/09/2000
23587200 50.6 274 30/09/2000
23673600 11.1 275 01/10/2000
23760000  0   276 02/10/2000
23846400  1.2 277 03/10/2000
23932800  0   278 04/10/2000
24019200  0   279 05/10/2000
24105600  1.5 280 06/10/2000
24192000 57.8 281 07/10/2000
24278400 52   282 08/10/2000
24364800  2.1 283 09/10/2000
24451200  0.4 284 10/10/2000
24537600  0.3 285 11/10/2000
24624000  0.6 286 12/10/2000
24710400  0.1 287 13/10/2000
24796800  0.2 288 14/10/2000
24883200  1.2 289 15/10/2000
24969600  0   290 16/10/2000
25056000  0.1 291 17/10/2000
25142400  0   292 18/10/2000
25228800  0   293 19/10/2000
25315200  0   294 20/10/2000
25401600  0   295 21/10/2000
25488000  0   296 22/10/2000
25574400  0   297 23/10/2000
25660800  0   298 24/10/2000
25747200  0   299 25/10/2000
25833600  0   300 26/10/2000
25920000  0   301 27/10/2000
26006400  0   302 28/10/2000
26092800  0   303 29/10/2000
26179200  1.3 304 30/10/2000
26265600  0.3 305 31/10/2000
26352000  3   306 01/11/2000
26438400  0   307 02/11/2000
26524800 14.7 308 03/11/2000
26611200  9   309 04/11/2000
26697600  0   310 05/11/2000
26784000 11.1 311 06/11/2000
26870400 17.1 312 07/11/2000
26956800  0.2 313 08/11/2000
27043200  2.2 314 09/11/2000
27129600  0.2 315 10/11/2000
27216000  0   316 11/11/2000
27302400  0   317 12/11/2000
27388800  3   318 13/11/2000
27475200  5.5 319 14/11/2000
27561600  7.8 320 15/11/2000
27648000 13.6 321 16/11/2000
27734400  1.5 322 17/11/2000
27820800  0   323 18/11/2000
27907200  0   324 19/11/2000
27993600  7.2 325 20/11/2000
28080000 23.3 326 21/11/2000
28166400  0   327 22/11/2000
28252800  0.2 328 23/11/2000
28339200 12.5 329 24/11/2000
28425600  2.2 330 25/11/2000
28512000  0.2 331 26/11/2000
28598400  0   332 27/11/2000
28684800  0   333 28/11/2000
28771200  0   334 29/11/2000
28857600  0   335 30/11/2000
28944000  0   336 01/12/2000
29030400  0   337 02/12/2000
29116800  0.3 338 03/12/2000
29203200  0   339 04/12/2000
29289600  0.1 340 05/12/2000
29376000  0   341 06/12/2000
29462400  0   342 07/12/2000
29548800  0.2 343 08/12/2000
29635200  0.5 344 09/12/2000
29721600  0   345 10/12/2000
29808000  0   346 11/12/2000
29894400  0   347 12/12/2000
29980800  0   348 13/12/2000
30067200  0   349 14/12/2000
30153600  0   350 15/12/2000
30240000  0   351 16/12/2000
30326400  0   352 17/12/2000
30412800  0   353 18/12/2000
30499200  0   354 19/12/2000
30585600  0   355 20/12/2000
30672000  0   356 21/12/2000
30758400  0   357 22/12/2000
30844800  0   358 23/12/2000
30931200  0   359 24/12/2000
31017600 10.8 360 25/12/2000
31104000 11.4 361 26/12/2000
31190400 13.2 362 27/12/2000
31276800  5.2 363 28/12/2000
31363200  0.3 364 29/12/2000
31449600 14.7 365 30/12/2000
31536000  0   366 31/12/2000
31622400  0   367 31/12/2000
