 96.5179  573.7431  120.1315  701.4868    0.9824  174.7194  A drag2
 96.5179  573.7431   70.8799  501.9886    0.9807  127.6459  A ks25
 96.5179  573.7431   82.2514  532.5846    0.9950   69.1295  A ks30
 96.5179  573.7431   34.8075  415.7512    0.7458  382.4076  A marea1
 96.5179  573.7431    3.1149  415.7925    0.7458  382.4078  A marea2
 96.5179  573.7431   64.6997  573.7687    1.0000    1.8043  A noflux
 96.5179  573.7431   86.6642  327.7741    0.6665  431.2191  A vento1
 96.5179  573.7431   54.7803  327.7746    0.6665  431.2186  A vento2
-64.4275  391.0409  -88.0430  556.9143    0.9933  174.4727  B drag2
-64.4275  391.0409  -38.7900  276.7031    0.9909  122.6796  B ks25
-64.4275  391.0409  -50.1613  328.8539    0.9977   66.7835  B ks30
-64.4275  391.0409   -2.7169   83.5548    0.2115  382.1978  B marea1
-64.4275  391.0409   -3.1483   83.5621    0.2115  382.2006  B marea2
-64.4275  391.0409  -64.7325  391.0328    1.0000    0.3707  B noflux
-64.4275  391.0409  -54.5409  327.5619    0.9787   97.4495  B vento1
-64.4275  391.0409  -54.7805  327.5545    0.9787   97.4593  B vento2
 32.7083  215.5121   32.7082  214.7356    0.9996    6.4128  C drag2
 32.7083  215.5121   32.7095  198.6281    0.9864   38.0418  C ks25
 32.7083  215.5121   32.7089  206.6609    0.9967   19.2709  C ks30
 32.7083  215.5121   32.7091  216.4780    0.9995    6.8431  C marea1
 32.7083  215.5121   -0.0151  216.5662    0.9995    7.2077  C marea2
 32.7083  215.5121   -0.0154  215.5866    1.0000    1.8890  C noflux
 32.7083  215.5121   32.7235    7.6197    0.0094  215.5757  C vento1
 32.7083  215.5121   -0.0001    7.6833    0.0092  215.5783  C vento2
 -1.1416  140.3505   -1.1423  139.7876    0.9994    4.7364  D drag2
 -1.1416  140.3505   -1.1412  127.2381    0.9843   27.0435  D ks25
 -1.1416  140.3505   -1.1414  133.4790    0.9963   13.7045  D ks30
 -1.1416  140.3505   -1.1414  141.0766    0.9994    5.0479  D marea1
 -1.1416  140.3505   -0.0097  141.1453    0.9993    5.2985  D marea2
 -1.1416  140.3505   -0.0101  140.4086    1.0000    1.3505  D noflux
 -1.1416  140.3505   -1.1322    5.6064    0.0102  140.4057  D vento1
 -1.1416  140.3505   -0.0002    5.6513    0.0100  140.4081  D vento2
 25.9959  145.6880   25.8047  145.9182    0.9984    8.1447  C1 drag2
 25.9959  145.6880   25.1997  140.5547    0.9864   24.1957  C1 ks25
 25.9959  145.6880   25.6131  143.1636    0.9965   12.3508  C1 ks30
 25.9959  145.6880   26.2168  145.9925    0.9983    8.5809  C1 marea1
 25.9959  145.6880    0.3223  146.0721    0.9982    8.7037  C1 marea2
 25.9959  145.6880    0.1077  145.7526    1.0000    1.4187  C1 noflux
 25.9959  145.6880   27.1890   17.8671    0.0565  145.7744  C1 vento1
 25.9959  145.6880    0.0287   18.7382    0.0557  145.8492  C1 vento2
  6.7123   76.5079    6.9034   76.9707    0.9958    7.0337  C2 drag2
  6.7123   76.5079    7.5094   64.3955    0.9868   16.6333  C2 ks25
  6.7123   76.5079    7.0956   70.1681    0.9970    8.5264  C2 ks30
  6.7123   76.5079    6.4923   76.6036    0.9953    7.3954  C2 marea1
  6.7123   76.5079   -0.3375   76.6641    0.9952    7.4703  C2 marea2
  6.7123   76.5079   -0.1233   76.5701    0.9999    1.1037  C2 noflux
  6.7123   76.5079    5.5346   17.0100    0.0784   77.0629  C2 vento1
  6.7123   76.5079   -0.0289   17.9015    0.0768   77.2235  C2 vento2
 32.0998  350.4951   32.0984  349.8788    0.9998    7.2691  AB2 drag2
 32.0998  350.4951   32.0996  337.5309    0.9936   40.8875  AB2 ks25
 32.0998  350.4951   32.0996  343.7361    0.9984   20.7154  AB2 ks30
 32.0998  350.4951   32.0996  351.2841    0.9998    7.7457  AB2 marea1
 32.0998  350.4951   -0.0240  351.3474    0.9997    8.1230  AB2 marea2
 32.0998  350.4951   -0.0239  350.5464    1.0000    2.0466  AB2 noflux
 32.0998  350.4951   32.1234    8.5192    0.0057  350.5496  AB2 vento1
 32.0998  350.4951   -0.0003    8.5850    0.0056  350.5528  AB2 vento2
